%YAML:1.0
feaCoord: [ 15., 311., 17., 366., 28., 423., 46., 475., 72., 532., 104.,
    578., 147., 615., 199., 639., 240., 648., 273., 649., 316., 638.,
    360., 616., 396., 586., 424., 543., 451., 497., 476., 436., 492.,
    380., 496., 340., 496., 297., 67., 198., 84., 164., 127., 151., 163.,
    153., 190., 161., 206., 188., 191., 181., 168., 174., 138., 176.,
    107., 182., 282., 188., 309., 161., 341., 154., 375., 158., 400.,
    171., 425., 193., 405., 190., 377., 181., 347., 179., 317., 183.,
    101., 250., 105., 234., 123., 228., 141., 227., 154., 238., 162.,
    248., 170., 261., 160., 268., 150., 269., 137., 269., 121., 274.,
    107., 268., 333., 254., 344., 244., 354., 233., 377., 231., 393.,
    235., 401., 250., 403., 260., 400., 266., 386., 277., 372., 278.,
    361., 274., 345., 271., 222., 243., 229., 275., 213., 313., 185.,
    350., 207., 398., 233., 406., 263., 406., 289., 393., 308., 347.,
    277., 312., 268., 275., 273., 242., 155., 448., 199., 423., 236.,
    420., 252., 429., 265., 420., 296., 422., 343., 451., 320., 480.,
    299., 493., 257., 498., 230., 496., 202., 486., 194., 448., 224.,
    441., 253., 437., 285., 439., 323., 456., 298., 461., 257., 457.,
    228., 457., 135., 245., 381., 246., 254., 244., 249., 306., 251.,
    356., 250., 411. ]
