%YAML:1.0
feaCoord: [ 13., 289., 15., 339., 21., 390., 35., 441., 52., 496., 81.,
    551., 121., 595., 167., 627., 220., 644., 271., 648., 334., 630.,
    382., 602., 416., 555., 446., 506., 467., 452., 487., 406., 492.,
    356., 496., 313., 490., 268., 67., 203., 81., 167., 125., 155., 155.,
    158., 178., 160., 193., 188., 176., 183., 156., 177., 128., 176.,
    97., 186., 289., 184., 320., 159., 352., 156., 377., 159., 400.,
    171., 422., 189., 400., 186., 376., 181., 355., 178., 328., 180.,
    99., 253., 100., 242., 109., 233., 122., 226., 136., 225., 150.,
    234., 167., 258., 156., 269., 144., 271., 132., 278., 117., 278.,
    106., 270., 334., 256., 344., 244., 356., 231., 378., 228., 391.,
    232., 400., 247., 397., 264., 390., 274., 373., 276., 363., 276.,
    350., 275., 339., 269., 214., 241., 216., 273., 202., 314., 182.,
    353., 200., 391., 233., 406., 266., 406., 298., 389., 308., 351.,
    288., 311., 270., 272., 281., 241., 152., 446., 193., 425., 225.,
    419., 248., 428., 274., 416., 304., 433., 338., 453., 316., 479.,
    287., 493., 251., 497., 222., 494., 189., 481., 183., 451., 220.,
    440., 250., 441., 282., 439., 323., 455., 284., 460., 252., 456.,
    223., 459., 133., 246., 376., 248., 247., 237., 246., 303., 249.,
    369., 250., 409., 14., 235., 14., 186., 23., 135., 56., 95., 104.,
    65., 159., 42., 238., 33., 328., 30., 391., 58., 436., 93., 464.,
    147., 482., 203., 132., 106., 191., 98., 257., 87., 325., 88., 377.,
    103., 257., 147. ]
