%YAML:1.0
feaCoord: [ 12., 255., 13., 309., 19., 359., 26., 404., 37., 455., 66.,
    510., 83., 554., 111., 589., 155., 619., 209., 645., 273., 647.,
    338., 625., 391., 588., 426., 534., 454., 489., 479., 426., 496.,
    375., 497., 325., 489., 263., 89., 197., 106., 185., 122., 177.,
    141., 175., 158., 179., 177., 185., 156., 194., 137., 194., 121.,
    198., 107., 200., 324., 172., 340., 164., 361., 159., 379., 163.,
    400., 172., 388., 176., 374., 174., 357., 177., 344., 177., 336.,
    177., 101., 249., 106., 235., 116., 225., 137., 225., 156., 233.,
    163., 248., 168., 262., 159., 265., 145., 269., 129., 274., 112.,
    275., 106., 268., 332., 255., 340., 246., 349., 237., 363., 232.,
    378., 230., 397., 235., 401., 260., 392., 274., 371., 277., 358.,
    275., 351., 275., 340., 270., 217., 230., 219., 275., 204., 319.,
    183., 355., 201., 392., 237., 410., 260., 409., 297., 393., 309.,
    351., 284., 318., 271., 270., 281., 228., 160., 452., 187., 443.,
    218., 433., 247., 428., 284., 435., 309., 446., 340., 457., 322.,
    475., 293., 466., 253., 458., 223., 463., 192., 469., 187., 453.,
    227., 443., 266., 441., 289., 445., 318., 457., 293., 456., 268.,
    453., 230., 455., 135., 244., 374., 244., 251., 231., 251., 313.,
    248., 356., 250., 407. ]
