%YAML:1.0
Indices: [ 25, 23, 24, 23, 25, 26, 99, 66, 65, 66, 99, 67, 1, 0, 50, 80,
    91, 92, 91, 80, 81, 2, 1, 75, 83, 10, 84, 10, 83, 11, 3, 2, 75, 87,
    94, 86, 4, 3, 75, 68, 77, 76, 77, 68, 100, 5, 4, 86, 79, 89, 78, 89,
    79, 90, 6, 5, 86, 8, 85, 84, 85, 8, 7, 7, 6, 85, 67, 99, 68, 46, 66,
    47, 66, 46, 65, 9, 8, 84, 10, 9, 84, 44, 95, 43, 12, 11, 83, 13, 12,
    82, 47, 44, 46, 14, 13, 81, 19, 40, 39, 40, 19, 28, 15, 14, 81, 23,
    26, 22, 16, 15, 81, 66, 1, 49, 1, 66, 75, 17, 16, 59, 18, 17, 58, 21,
    28, 20, 28, 21, 27, 17, 59, 58, 0, 19, 39, 38, 51, 74, 51, 38, 52,
    19, 20, 28, 21, 31, 22, 18, 58, 57, 21, 22, 27, 22, 31, 30, 24, 29,
    97, 29, 24, 23, 23, 22, 30, 44, 63, 45, 63, 44, 24, 60, 71, 61, 71,
    60, 59, 25, 24, 43, 26, 42, 27, 42, 26, 43, 22, 26, 27, 26, 25, 43,
    27, 42, 41, 28, 27, 41, 58, 56, 57, 29, 23, 30, 31, 37, 38, 37, 31,
    32, 29, 30, 38, 32, 36, 37, 36, 32, 33, 30, 31, 38, 36, 33, 35, 34,
    18, 57, 33, 34, 35, 35, 34, 55, 53, 38, 37, 38, 53, 52, 36, 35, 54,
    37, 36, 53, 29, 38, 74, 0, 39, 50, 40, 28, 41, 43, 24, 44, 63, 24,
    97, 63, 64, 45, 64, 63, 97, 65, 46, 45, 99, 72, 71, 72, 99, 98, 66,
    49, 47, 47, 49, 48, 49, 1, 50, 16, 71, 59, 71, 16, 81, 97, 73, 64,
    73, 97, 74, 54, 35, 55, 36, 54, 53, 34, 57, 56, 55, 34, 56, 70, 99,
    71, 99, 70, 69, 62, 61, 71, 45, 64, 65, 51, 62, 73, 74, 51, 73, 72,
    62, 71, 62, 72, 73, 85, 6, 86, 86, 4, 75, 65, 64, 98, 89, 88, 77, 75,
    66, 67, 69, 79, 100, 79, 69, 80, 67, 68, 76, 71, 81, 70, 68, 69, 100,
    69, 68, 99, 70, 81, 80, 69, 70, 80, 99, 65, 98, 73, 98, 64, 98, 73,
    72, 29, 74, 97, 75, 67, 76, 75, 76, 87, 76, 77, 88, 78, 100, 79, 100,
    78, 77, 12, 83, 82, 77, 78, 89, 13, 82, 81, 79, 80, 90, 81, 82, 91,
    92, 91, 82, 82, 83, 92, 83, 84, 92, 84, 85, 93, 76, 88, 87, 85, 86,
    94, 86, 75, 87, 93, 85, 94, 92, 84, 93, 90, 80, 92 ]
