%YAML:1.0
Indices: [ 20, 19, 297, 19, 20, 28, 1, 287, 181, 287, 1, 0, 199, 301,
    307, 301, 199, 198, 2, 1, 288, 3, 2, 182, 213, 182, 288, 182, 213,
    183, 4, 3, 183, 307, 301, 39, 5, 4, 184, 1, 181, 288, 6, 5, 185, 301,
    19, 28, 19, 301, 198, 7, 6, 186, 26, 22, 23, 22, 26, 27, 8, 7, 187,
    308, 307, 50, 307, 308, 200, 9, 8, 188, 25, 23, 128, 23, 25, 26, 10,
    9, 190, 11, 10, 191, 95, 47, 48, 47, 95, 43, 12, 11, 192, 58, 56, 57,
    56, 58, 55, 13, 12, 193, 157, 261, 161, 261, 157, 70, 14, 13, 194,
    96, 53, 54, 53, 96, 61, 15, 14, 195, 35, 33, 298, 33, 35, 36, 16, 15,
    196, 204, 64, 247, 64, 204, 179, 17, 16, 289, 257, 253, 232, 253,
    257, 255, 18, 17, 286, 113, 101, 112, 101, 113, 102, 297, 287, 0,
    287, 297, 19, 21, 27, 28, 27, 21, 22, 47, 43, 46, 46, 44, 45, 44, 46,
    43, 20, 297, 300, 295, 21, 119, 21, 295, 22, 43, 306, 44, 306, 43,
    305, 20, 21, 28, 21, 20, 121, 119, 104, 117, 104, 119, 106, 101, 114,
    112, 114, 101, 103, 102, 115, 104, 115, 102, 113, 218, 217, 269, 217,
    218, 187, 23, 22, 126, 129, 38, 29, 38, 129, 30, 74, 315, 51, 315,
    74, 135, 25, 128, 24, 55, 59, 96, 59, 55, 58, 25, 24, 305, 4, 183,
    184, 26, 25, 304, 303, 39, 302, 39, 303, 40, 27, 26, 304, 28, 27,
    303, 41, 303, 304, 303, 41, 40, 32, 36, 31, 36, 32, 33, 134, 130,
    137, 130, 134, 24, 290, 125, 123, 125, 290, 292, 31, 37, 30, 37, 31,
    36, 130, 128, 124, 128, 130, 24, 286, 17, 289, 31, 30, 127, 126, 22,
    293, 105, 120, 118, 120, 105, 107, 32, 31, 296, 32, 296, 120, 111,
    286, 299, 286, 111, 18, 33, 32, 122, 298, 286, 34, 286, 298, 299, 35,
    298, 34, 16, 196, 289, 207, 228, 229, 228, 207, 206, 35, 34, 310,
    318, 36, 35, 36, 318, 317, 315, 53, 52, 53, 315, 316, 37, 36, 317,
    316, 29, 38, 29, 316, 315, 30, 37, 38, 38, 37, 316, 304, 25, 305,
    245, 66, 252, 66, 245, 65, 28, 303, 302, 304, 303, 27, 39, 40, 50,
    40, 41, 95, 304, 305, 42, 43, 95, 42, 41, 42, 95, 42, 41, 304, 42,
    305, 43, 306, 305, 24, 47, 203, 202, 203, 47, 46, 63, 306, 134, 306,
    63, 45, 147, 65, 64, 65, 147, 98, 45, 44, 306, 70, 99, 155, 99, 70,
    69, 95, 49, 40, 49, 95, 48, 46, 45, 204, 247, 202, 203, 202, 247,
    245, 309, 308, 48, 308, 309, 201, 40, 49, 50, 48, 47, 309, 213, 235,
    214, 235, 213, 236, 49, 48, 308, 3, 182, 183, 39, 50, 307, 50, 49,
    308, 182, 2, 288, 155, 99, 149, 179, 63, 142, 63, 179, 204, 37, 317,
    54, 51, 52, 62, 52, 51, 315, 37, 54, 316, 52, 53, 61, 316, 54, 53,
    318, 55, 317, 55, 318, 56, 55, 96, 54, 55, 54, 317, 318, 310, 57,
    310, 318, 35, 231, 263, 253, 263, 231, 266, 318, 57, 56, 15, 195,
    196, 310, 34, 205, 207, 312, 311, 312, 207, 208, 61, 96, 60, 58, 57,
    312, 266, 230, 226, 230, 266, 238, 59, 58, 313, 248, 72, 73, 72, 248,
    246, 52, 61, 62, 59, 60, 96, 60, 59, 313, 150, 159, 151, 159, 150,
    157, 61, 60, 314, 154, 149, 99, 149, 154, 152, 51, 62, 180, 62, 61,
    211, 68, 154, 99, 154, 68, 67, 137, 135, 133, 135, 137, 131, 143, 51,
    180, 51, 143, 74, 45, 63, 204, 46, 204, 203, 141, 142, 63, 142, 141,
    139, 154, 66, 152, 66, 154, 67, 64, 65, 247, 164, 76, 77, 76, 164,
    87, 260, 233, 258, 233, 260, 75, 66, 65, 152, 258, 233, 254, 5, 184,
    185, 158, 150, 151, 150, 158, 156, 66, 67, 256, 67, 68, 262, 72, 246,
    153, 222, 270, 223, 270, 222, 272, 100, 150, 68, 150, 100, 69, 180,
    248, 73, 248, 180, 211, 193, 12, 192, 69, 70, 157, 209, 314, 313,
    314, 209, 210, 207, 229, 208, 70, 71, 261, 71, 70, 155, 60, 313, 314,
    211, 61, 314, 248, 210, 246, 210, 248, 211, 147, 73, 72, 73, 147,
    145, 143, 180, 73, 140, 64, 144, 64, 140, 147, 137, 130, 132, 186, 6,
    185, 256, 250, 252, 250, 256, 254, 267, 175, 269, 175, 267, 75, 75,
    76, 87, 76, 75, 260, 160, 158, 77, 158, 160, 156, 220, 283, 279, 283,
    220, 281, 77, 76, 160, 150, 156, 68, 83, 172, 169, 172, 83, 84, 78,
    165, 162, 165, 78, 89, 157, 150, 69, 274, 281, 276, 281, 274, 283,
    166, 78, 163, 78, 166, 89, 159, 161, 79, 161, 159, 157, 80, 90, 79,
    90, 80, 167, 80, 79, 161, 232, 259, 257, 259, 232, 81, 268, 223, 270,
    223, 268, 224, 80, 81, 91, 81, 80, 259, 14, 194, 195, 193, 192, 224,
    178, 91, 81, 91, 178, 82, 191, 222, 192, 222, 191, 221, 166, 163, 79,
    177, 174, 168, 174, 177, 83, 190, 9, 189, 162, 165, 77, 84, 83, 276,
    220, 282, 280, 282, 220, 279, 164, 77, 88, 84, 85, 172, 85, 84, 275,
    271, 273, 219, 273, 271, 176, 87, 175, 75, 175, 87, 86, 176, 173, 85,
    173, 176, 94, 187, 7, 186, 86, 87, 171, 88, 77, 165, 177, 168, 82,
    79, 90, 166, 168, 91, 82, 80, 91, 167, 169, 174, 83, 174, 169, 92,
    170, 172, 85, 172, 170, 93, 94, 176, 171, 171, 176, 86, 63, 97, 141,
    97, 63, 138, 74, 97, 138, 97, 74, 141, 141, 143, 139, 143, 141, 74,
    65, 98, 152, 72, 98, 147, 98, 72, 148, 71, 155, 153, 68, 99, 100,
    152, 98, 148, 99, 69, 100, 31, 127, 294, 103, 118, 116, 118, 103,
    105, 108, 119, 121, 119, 108, 106, 120, 109, 122, 109, 120, 107, 121,
    119, 21, 122, 32, 120, 121, 110, 108, 110, 121, 300, 122, 111, 299,
    111, 122, 109, 300, 121, 20, 299, 33, 122, 33, 299, 298, 0, 110, 297,
    129, 131, 125, 131, 129, 29, 290, 124, 291, 124, 290, 123, 113, 112,
    290, 291, 115, 113, 115, 291, 293, 292, 290, 114, 112, 114, 290, 114,
    103, 116, 104, 115, 117, 293, 22, 295, 125, 127, 30, 127, 125, 292,
    114, 116, 292, 117, 115, 293, 295, 119, 117, 294, 296, 31, 296, 294,
    118, 116, 118, 294, 118, 120, 296, 125, 136, 123, 136, 125, 131, 130,
    124, 136, 290, 291, 113, 124, 123, 136, 126, 128, 23, 128, 126, 124,
    125, 30, 129, 293, 291, 126, 124, 126, 291, 294, 292, 116, 292, 294,
    127, 135, 131, 29, 130, 136, 132, 131, 132, 136, 132, 131, 137, 138,
    63, 134, 74, 138, 135, 138, 134, 133, 24, 134, 306, 133, 134, 137,
    133, 135, 138, 135, 29, 315, 139, 144, 142, 144, 139, 146, 143, 146,
    139, 146, 143, 145, 140, 146, 145, 146, 140, 144, 145, 147, 140, 179,
    144, 64, 144, 179, 142, 143, 73, 145, 152, 148, 149, 148, 72, 153,
    149, 148, 155, 148, 153, 155, 151, 162, 158, 162, 151, 78, 78, 151,
    163, 163, 159, 79, 159, 163, 151, 71, 153, 246, 262, 68, 156, 77,
    158, 162, 156, 160, 262, 160, 76, 260, 262, 256, 67, 256, 262, 160,
    80, 161, 259, 255, 71, 251, 71, 255, 261, 92, 168, 174, 93, 169, 172,
    94, 170, 173, 170, 85, 173, 175, 86, 269, 218, 269, 271, 86, 176,
    271, 176, 85, 273, 285, 187, 218, 187, 285, 8, 83, 177, 274, 177, 82,
    272, 191, 10, 284, 82, 178, 270, 178, 81, 268, 192, 11, 191, 180, 62,
    211, 198, 287, 19, 287, 198, 181, 198, 212, 181, 212, 198, 199, 212,
    288, 181, 288, 212, 213, 241, 201, 239, 201, 241, 200, 214, 183, 213,
    183, 214, 184, 184, 215, 185, 215, 184, 214, 185, 216, 186, 216, 185,
    215, 186, 217, 187, 217, 186, 216, 271, 269, 86, 188, 8, 285, 275,
    84, 277, 9, 188, 189, 189, 188, 282, 84, 276, 277, 190, 189, 279,
    283, 274, 221, 10, 190, 284, 284, 190, 221, 221, 272, 222, 272, 221,
    274, 222, 223, 192, 13, 193, 194, 193, 225, 194, 225, 193, 224, 194,
    226, 195, 226, 194, 225, 228, 205, 197, 205, 228, 206, 196, 195, 227,
    310, 311, 57, 311, 310, 206, 228, 289, 196, 289, 228, 197, 34, 197,
    205, 197, 34, 286, 286, 289, 197, 236, 212, 199, 212, 236, 213, 199,
    200, 236, 200, 199, 307, 201, 200, 308, 309, 47, 202, 239, 201, 243,
    201, 202, 243, 202, 201, 309, 202, 245, 243, 204, 247, 203, 206, 310,
    205, 312, 57, 311, 228, 196, 227, 313, 58, 312, 206, 207, 311, 227,
    195, 226, 313, 312, 208, 244, 210, 209, 210, 244, 240, 208, 209, 313,
    209, 208, 244, 249, 238, 231, 238, 249, 240, 211, 314, 210, 246, 240,
    251, 240, 246, 210, 234, 264, 265, 264, 234, 233, 215, 214, 265, 233,
    267, 264, 267, 233, 75, 216, 215, 264, 216, 267, 217, 267, 216, 264,
    267, 269, 217, 271, 219, 218, 188, 285, 219, 218, 219, 285, 273, 280,
    219, 280, 273, 275, 188, 219, 282, 282, 219, 280, 189, 282, 279, 221,
    190, 283, 272, 274, 177, 221, 191, 284, 270, 272, 82, 192, 223, 224,
    268, 270, 178, 268, 81, 232, 225, 224, 263, 263, 266, 225, 226, 225,
