%YAML:1.0
feaCoord: [ 296, 441, 311, 409, 349, 402, 390, 401, 423, 427, 392, 438,
    354, 446, 604, 426, 633, 411, 662, 401, 687, 405, 708, 419, 706, 446,
    674, 446, 633, 449, 375, 705, 509, 691, 651, 712, 515, 786, 245, 582,
    796, 590, 651, 712 ]
