%YAML:1.0
Indices: [ 39, 0, 19, 0, 39, 1, 3, 0, 2, 64, 46, 45, 46, 64, 47, 2, 0, 1,
    2, 1, 50, 47, 64, 48, 3, 2, 66, 82, 81, 11, 4, 3, 75, 65, 67, 66, 67,
    65, 99, 5, 4, 75, 8, 85, 9, 85, 8, 7, 6, 5, 75, 66, 2, 49, 7, 6, 86,
    44, 46, 47, 46, 44, 45, 44, 47, 43, 10, 9, 84, 11, 10, 83, 3, 66, 75,
    12, 11, 81, 66, 49, 65, 13, 12, 81, 43, 48, 95, 48, 43, 47, 14, 13,
    81, 43, 63, 44, 63, 43, 24, 15, 14, 81, 26, 22, 23, 22, 26, 27, 16,
    15, 71, 49, 2, 50, 18, 16, 17, 17, 16, 60, 23, 25, 26, 25, 23, 24,
    18, 17, 57, 97, 24, 29, 24, 97, 63, 21, 27, 28, 27, 21, 22, 19, 0,
    101, 19, 101, 102, 26, 41, 27, 41, 26, 42, 19, 20, 28, 20, 19, 102,
    20, 103, 104, 103, 20, 102, 104, 113, 21, 113, 104, 105, 20, 21, 28,
    21, 20, 104, 106, 114, 113, 114, 106, 107, 29, 118, 30, 118, 29, 24,
    22, 21, 113, 22, 114, 118, 114, 22, 113, 56, 59, 55, 59, 56, 58, 23,
    22, 118, 24, 23, 118, 42, 25, 24, 25, 42, 26, 41, 95, 49, 95, 41, 42,
    28, 40, 39, 40, 28, 41, 28, 39, 19, 28, 27, 41, 32, 36, 37, 36, 32,
    33, 31, 38, 30, 38, 31, 37, 29, 30, 38, 36, 56, 55, 56, 36, 35, 31,
    30, 118, 31, 32, 37, 32, 31, 117, 114, 107, 115, 33, 35, 36, 35, 33,
    34, 33, 32, 117, 109, 117, 116, 117, 109, 110, 57, 58, 56, 58, 57,
    17, 34, 33, 111, 117, 111, 33, 111, 117, 110, 18, 34, 112, 34, 18,
    57, 35, 34, 57, 96, 53, 54, 53, 96, 62, 60, 96, 55, 96, 60, 61, 37,
    36, 54, 29, 52, 74, 52, 29, 53, 38, 37, 54, 29, 38, 53, 1, 39, 50,
    39, 40, 50, 40, 41, 50, 42, 24, 43, 72, 99, 98, 99, 72, 70, 42, 43,
    95, 29, 74, 97, 99, 65, 98, 99, 70, 69, 70, 72, 71, 45, 44, 63, 64,
    45, 63, 48, 64, 65, 65, 49, 48, 41, 49, 50, 48, 49, 95, 61, 16, 71,
    16, 61, 60, 64, 97, 73, 97, 64, 63, 38, 54, 53, 51, 52, 62, 52, 51,
    74, 54, 36, 55, 52, 53, 62, 55, 59, 60, 58, 17, 60, 54, 55, 96, 56,
    35, 57, 58, 60, 59, 71, 62, 61, 62, 71, 73, 61, 62, 96, 15, 81, 71,
    51, 62, 73, 69, 78, 100, 78, 69, 79, 77, 67, 68, 67, 77, 76, 65, 64,
    98, 67, 76, 75, 86, 6, 75, 75, 66, 67, 84, 9, 85, 68, 67, 99, 70, 80,
    79, 80, 70, 81, 99, 100, 68, 100, 99, 69, 69, 70, 79, 73, 71, 72, 70,
    71, 81, 73, 98, 64, 98, 73, 72, 51, 73, 74, 74, 73, 97, 77, 68, 100,
    77, 100, 78, 83, 10, 84, 78, 79, 89, 82, 11, 83, 80, 81, 91, 92, 79,
    90, 7, 86, 85, 116, 118, 115, 118, 116, 31, 108, 116, 115, 116, 108,
    109, 31, 116, 117, 105, 106, 113, 107, 108, 115, 34, 111, 112, 118,
    114, 115 ]
