%YAML:1.0
Indices: [ 27, 22, 26, 22, 27, 21, 80, 70, 81, 70, 80, 79, 1, 0, 39, 83,
    91, 82, 91, 83, 92, 2, 1, 39, 7, 86, 85, 86, 7, 6, 3, 2, 50, 99, 66,
    65, 66, 99, 67, 4, 3, 75, 8, 85, 84, 85, 8, 7, 5, 4, 75, 63, 64, 45,
    64, 63, 97, 6, 5, 75, 3, 66, 75, 66, 3, 50, 66, 50, 49, 9, 8, 84, 10,
    9, 83, 11, 10, 83, 12, 11, 82, 13, 12, 81, 41, 27, 26, 27, 41, 40,
    14, 13, 81, 26, 23, 25, 23, 26, 22, 15, 14, 71, 27, 40, 28, 16, 15,
    59, 17, 16, 57, 39, 0, 19, 18, 17, 57, 31, 23, 22, 23, 31, 30, 0, 20,
    19, 19, 40, 39, 40, 19, 28, 49, 95, 48, 19, 20, 28, 52, 29, 38, 29,
    52, 51, 20, 21, 28, 31, 22, 32, 36, 33, 35, 33, 36, 32, 37, 53, 38,
    53, 37, 54, 23, 24, 25, 24, 23, 30, 14, 81, 71, 47, 64, 65, 64, 47,
    46, 25, 24, 43, 26, 25, 42, 21, 27, 28, 32, 36, 37, 24, 29, 63, 29,
    24, 30, 29, 30, 38, 30, 31, 38, 31, 32, 37, 33, 18, 34, 34, 56, 55,
    56, 34, 57, 33, 34, 35, 34, 18, 57, 35, 34, 55, 52, 38, 53, 36, 35,
    54, 31, 37, 38, 37, 36, 54, 50, 2, 39, 26, 42, 41, 25, 43, 42, 72,
    62, 61, 62, 72, 73, 43, 24, 44, 24, 63, 44, 42, 43, 95, 99, 65, 98,
    63, 29, 97, 45, 44, 63, 64, 97, 73, 46, 45, 64, 47, 65, 48, 65, 49,
    48, 49, 65, 66, 29, 51, 74, 59, 55, 58, 54, 35, 55, 53, 54, 96, 58,
    16, 59, 16, 58, 57, 60, 96, 59, 59, 15, 60, 60, 15, 71, 61, 60, 72,
    99, 70, 69, 70, 99, 71, 51, 62, 73, 67, 99, 68, 73, 74, 51, 74, 73,
    97, 72, 99, 98, 99, 72, 71, 76, 67, 77, 67, 76, 66, 65, 64, 98, 87,
    94, 86, 75, 66, 76, 68, 77, 67, 77, 68, 100, 76, 88, 87, 88, 76, 77,
    79, 100, 69, 100, 79, 78, 81, 70, 71, 68, 69, 100, 69, 68, 99, 69,
    70, 79, 72, 60, 71, 73, 98, 64, 98, 73, 72, 97, 29, 74, 6, 75, 86,
    75, 76, 87, 77, 100, 78, 83, 9, 84, 77, 78, 88, 90, 79, 80, 79, 90,
    78, 82, 11, 83, 12, 82, 81, 80, 81, 82, 80, 82, 91, 78, 90, 89, 83,
    84, 92, 84, 85, 93, 86, 75, 87, 85, 86, 94, 88, 78, 89, 94, 93, 85,
    90, 80, 91, 92, 84, 93 ]
