%YAML:1.0
feaCoord: [ 111., 253., 118., 307., 129., 367., 142., 427., 160., 492.,
    185., 547., 215., 583., 253., 619., 293., 637., 346., 650., 409.,
    632., 448., 606., 488., 562., 514., 513., 533., 456., 547., 404.,
    559., 350., 571., 295., 579., 240., 161., 215., 172., 193., 187.,
    180., 217., 175., 253., 182., 283., 203., 257., 202., 229., 198.,
    202., 198., 184., 203., 388., 207., 411., 187., 434., 175., 468.,
    172., 495., 184., 524., 209., 498., 197., 473., 193., 443., 193.,
    418., 201., 206., 297., 218., 280., 232., 272., 249., 269., 272.,
    268., 290., 277., 294., 291., 285., 296., 271., 298., 256., 300.,
    240., 300., 222., 301., 407., 287., 422., 273., 444., 266., 467.,
    260., 482., 266., 494., 272., 502., 279., 491., 286., 470., 290.,
    446., 295., 433., 294., 425., 293., 326., 284., 323., 336., 305.,
    386., 291., 414., 314., 447., 334., 455., 350., 454., 374., 446.,
    396., 413., 380., 383., 360., 334., 355., 283., 258., 506., 295.,
    496., 319., 484., 337., 495., 364., 486., 385., 498., 425., 510.,
    399., 531., 373., 545., 342., 549., 323., 546., 294., 535., 293.,
    512., 319., 508., 338., 510., 364., 508., 380., 514., 362., 517.,
    343., 520., 320., 519., 262., 283., 462., 275., 344., 284., 344.,
    379., 346., 427., 345., 466. ]
