%YAML:1.0
feaCoord: [ 48, 193, 31, 236, 26, 281, 34, 322, 51, 364, 82, 398, 120,
    425, 161, 451, 205, 465, 250, 472, 302, 467, 352, 445, 391, 423, 422,
    398, 452, 366, 475, 326, 481, 271, 465, 215, 448, 180, 110, 158, 131,
    143, 156, 133, 182, 131, 205, 137, 223, 151, 200, 150, 176, 146, 154,
    150, 136, 155, 286, 153, 305, 138, 330, 133, 358, 132, 376, 145, 397,
    159, 370, 153, 352, 147, 331, 147, 310, 151, 136, 208, 149, 197, 166,
    188, 183, 187, 200, 192, 211, 200, 220, 208, 210, 217, 201, 224, 184,
    228, 164, 227, 149, 219, 291, 210, 299, 197, 315, 188, 334, 183, 348,
    188, 360, 197, 370, 208, 362, 219, 352, 226, 337, 229, 320, 229, 304,
    223, 241, 211, 245, 253, 235, 288, 212, 301, 226, 315, 237, 324, 271,
    324, 287, 315, 299, 300, 274, 286, 271, 253, 275, 211, 193, 361, 215,
    352, 237, 349, 256, 350, 273, 350, 293, 353, 312, 360, 292, 372, 272,
    376, 256, 374, 237, 375, 219, 371, 208, 361, 225, 357, 256, 357, 283,
    357, 300, 361, 283, 364, 257, 363, 229, 366, 180, 209, 334, 209, 258,
    209, 257, 279, 258, 307, 257, 325, 64, 162, 89, 135, 118, 109, 162,
    85, 207, 70, 253, 65, 286, 68, 328, 79, 370, 100, 406, 126, 430, 153,
    236, 196, 228, 182, 213, 172, 237, 171, 175, 168, 155, 174, 139, 182,
    122, 194, 113, 215, 135, 229, 159, 248, 188, 245, 210, 238, 230, 228,
    281, 196, 293, 180, 314, 168, 337, 164, 359, 167, 377, 175, 388, 185,
    396, 203, 399, 220, 380, 233, 358, 243, 334, 246, 301, 249, 282, 229,
    114, 173, 103, 186, 93, 200, 86, 219, 106, 235, 119, 253, 145, 258,
    175, 265, 211, 258, 410, 171, 424, 187, 428, 209, 431, 233, 409, 244,
    388, 253, 367, 264, 345, 269, 319, 262, 85, 174, 72, 193, 63, 217,
    53, 241, 55, 269, 62, 296, 73, 316, 87, 337, 102, 358, 124, 378, 146,
    394, 177, 408, 211, 420, 251, 424, 298, 419, 331, 404, 362, 388, 393,
    368, 415, 346, 428, 321, 445, 295, 459, 263, 453, 237, 77, 246, 85,
    270, 98, 294, 114, 312, 133, 337, 163, 354, 432, 261, 417, 282, 404,
    301, 387, 322, 363, 339, 339, 349, 142, 277, 158, 298, 176, 317, 199,
    330, 386, 275, 370, 293, 351, 307, 315, 323, 196, 287, 224, 270, 291,
    264, 323, 282, 175, 112, 208, 100, 243, 92, 284, 91, 312, 99, 352,
    109, 228, 116, 260, 117, 299, 118, 242, 137, 281, 134, 259, 157, 258,
    179, 215, 358, 237, 356, 244, 357, 263, 357, 272, 356, 293, 359, 293,
    363, 277, 365, 267, 364, 241, 365, 250, 363, 217, 365, 206, 354, 207,
    367, 303, 355, 302, 367, 282, 351, 263, 349, 246, 350, 226, 349, 228,
    373, 246, 376, 265, 375, 283, 374 ]
