%YAML:1.0
Indices: [ 64, 148, 124, 148, 64, 202, 118, 119, 140, 119, 118, 39, 1, 0,
    160, 160, 159, 143, 159, 160, 0, 2, 1, 162, 3, 2, 163, 193, 183, 145,
    183, 193, 184, 4, 3, 164, 119, 120, 142, 120, 119, 39, 5, 4, 166,
    117, 118, 28, 118, 117, 40, 6, 5, 167, 25, 23, 24, 23, 25, 22, 7, 6,
    168, 22, 25, 26, 8, 7, 170, 46, 44, 45, 44, 46, 43, 9, 8, 171, 43,
    95, 42, 95, 43, 46, 10, 9, 171, 11, 10, 172, 22, 26, 21, 12, 11, 174,
    59, 96, 58, 96, 59, 60, 13, 12, 175, 58, 96, 56, 14, 13, 176, 56, 96,
    55, 15, 14, 177, 61, 96, 60, 96, 61, 62, 16, 15, 178, 125, 46, 45,
    46, 125, 124, 17, 16, 180, 18, 17, 151, 208, 106, 107, 106, 208, 207,
    123, 148, 147, 148, 123, 124, 119, 141, 140, 141, 119, 142, 158, 102,
    19, 102, 158, 101, 95, 46, 47, 19, 20, 28, 20, 19, 102, 20, 102, 103,
    95, 47, 48, 20, 21, 27, 21, 20, 103, 21, 103, 104, 37, 31, 36, 31,
    37, 38, 22, 21, 205, 206, 205, 104, 205, 206, 22, 94, 227, 85, 23,
    22, 206, 206, 211, 23, 211, 206, 207, 112, 97, 63, 97, 112, 217, 24,
    23, 211, 97, 64, 125, 64, 97, 73, 25, 24, 114, 121, 50, 122, 50, 121,
    39, 28, 20, 27, 26, 25, 116, 27, 21, 26, 27, 26, 116, 40, 117, 41,
    19, 28, 140, 28, 27, 117, 39, 121, 120, 32, 36, 31, 36, 32, 35, 216,
    215, 29, 215, 216, 214, 212, 207, 208, 207, 212, 211, 35, 32, 33, 29,
    30, 38, 30, 29, 215, 209, 107, 108, 107, 209, 208, 30, 31, 38, 31,
    30, 213, 205, 21, 104, 32, 109, 33, 109, 32, 210, 32, 31, 210, 58,
    56, 57, 33, 109, 110, 56, 132, 57, 132, 56, 131, 33, 34, 35, 34, 33,
    110, 149, 111, 150, 111, 149, 34, 35, 34, 131, 128, 37, 129, 37, 128,
    38, 36, 35, 130, 128, 129, 54, 37, 36, 129, 135, 154, 136, 154, 135,
    153, 29, 38, 128, 116, 117, 27, 117, 116, 41, 164, 3, 163, 39, 118,
    40, 116, 25, 114, 39, 40, 50, 114, 42, 116, 42, 114, 43, 40, 41, 95,
    138, 62, 61, 62, 138, 139, 41, 42, 95, 42, 41, 116, 114, 24, 115, 52,
    62, 51, 62, 52, 96, 114, 44, 43, 44, 114, 113, 67, 99, 68, 99, 67,
    65, 112, 45, 44, 45, 112, 63, 71, 203, 204, 203, 71, 72, 126, 97,
    217, 97, 126, 74, 196, 75, 186, 75, 196, 230, 95, 49, 50, 49, 95, 48,
    47, 46, 124, 123, 47, 124, 47, 123, 48, 40, 95, 50, 5, 166, 167, 49,
    48, 123, 4, 164, 165, 50, 49, 122, 182, 144, 145, 144, 182, 181, 188,
    197, 154, 197, 188, 189, 217, 112, 115, 127, 53, 52, 53, 127, 128,
    128, 127, 29, 52, 51, 126, 52, 53, 96, 129, 55, 54, 55, 129, 130, 36,
    130, 129, 53, 54, 96, 54, 53, 128, 130, 56, 55, 56, 130, 131, 35,
    131, 130, 54, 55, 96, 132, 34, 149, 34, 132, 131, 151, 133, 150, 133,
    151, 134, 134, 57, 133, 57, 134, 135, 152, 187, 153, 187, 152, 180,
    151, 180, 152, 180, 151, 17, 135, 58, 57, 58, 135, 136, 13, 175, 176,
    59, 58, 136, 200, 80, 70, 80, 200, 232, 60, 59, 136, 68, 99, 100, 61,
    60, 137, 70, 99, 72, 99, 70, 69, 70, 72, 71, 97, 125, 63, 51, 62,
    139, 126, 51, 74, 125, 45, 63, 51, 139, 74, 84, 171, 239, 171, 84,
    240, 196, 237, 76, 237, 196, 67, 98, 202, 64, 202, 98, 65, 170, 7,
    169, 65, 66, 202, 66, 65, 67, 193, 145, 146, 49, 123, 122, 237, 67,
    68, 66, 67, 196, 83, 172, 171, 172, 83, 241, 69, 79, 235, 79, 69,
    234, 82, 173, 172, 173, 82, 233, 100, 99, 69, 73, 203, 72, 203, 73,
    138, 81, 200, 192, 200, 81, 232, 69, 70, 234, 137, 60, 136, 14, 176,
    177, 70, 71, 200, 72, 99, 98, 73, 98, 64, 98, 73, 72, 139, 138, 73,
    73, 97, 139, 139, 97, 74, 168, 6, 167, 66, 196, 195, 75, 169, 186,
    169, 75, 231, 230, 87, 75, 87, 230, 218, 77, 68, 236, 68, 77, 237,
    237, 88, 76, 88, 237, 219, 236, 68, 100, 84, 228, 93, 228, 84, 239,
    236, 100, 78, 69, 235, 100, 93, 226, 240, 235, 221, 78, 221, 235,
    222, 234, 70, 80, 91, 233, 224, 233, 91, 81, 234, 90, 222, 90, 234,
    80, 174, 11, 173, 232, 91, 223, 91, 232, 81, 199, 190, 191, 190, 199,
    198, 12, 174, 175, 223, 90, 80, 171, 172, 10, 241, 92, 82, 92, 241,
    225, 171, 240, 83, 171, 85, 239, 85, 171, 170, 239, 227, 228, 227,
    239, 85, 171, 8, 170, 87, 231, 75, 231, 87, 229, 86, 238, 170, 238,
    86, 94, 86, 170, 231, 218, 230, 76, 231, 229, 86, 229, 94, 86, 76,
    88, 218, 219, 237, 77, 220, 77, 236, 77, 220, 219, 78, 89, 236, 89,
    78, 221, 224, 92, 223, 92, 224, 82, 234, 222, 79, 224, 233, 82, 232,
    223, 80, 225, 241, 83, 93, 240, 84, 94, 85, 238, 65, 98, 99, 78, 100,
    235, 0, 101, 159, 30, 215, 213, 31, 213, 209, 104, 105, 206, 105,
    106, 207, 209, 210, 31, 210, 209, 108, 34, 110, 111, 108, 109, 210,
    111, 18, 150, 115, 112, 113, 112, 44, 113, 114, 115, 113, 115, 24,
    214, 217, 127, 126, 127, 217, 29, 28, 118, 140, 142, 158, 141, 158,
    142, 159, 1, 161, 162, 161, 1, 160, 120, 144, 143, 144, 120, 121,
    121, 145, 144, 145, 121, 146, 121, 122, 146, 123, 147, 122, 147, 148,
    201, 64, 124, 125, 52, 126, 127, 29, 217, 216, 57, 132, 133, 133,
    149, 150, 149, 133, 132, 18, 151, 150, 134, 153, 135, 153, 134, 152,
    191, 175, 174, 175, 191, 190, 136, 156, 137, 156, 136, 155, 61, 137,
    157, 157, 137, 156, 138, 61, 157, 19, 140, 158, 158, 140, 141, 159,
    101, 158, 142, 120, 143, 143, 159, 142, 181, 160, 143, 160, 181, 161,
    143, 144, 181, 163, 2, 162, 164, 183, 184, 183, 164, 163, 146, 122,
    147, 194, 147, 201, 147, 194, 193, 146, 147, 193, 201, 148, 202, 202,
    66, 201, 134, 151, 152, 180, 16, 179, 178, 15, 177, 136, 154, 155,
    154, 153, 188, 198, 155, 197, 155, 198, 156, 155, 154, 197, 156, 199,
    204, 199, 156, 198, 204, 199, 200, 138, 157, 203, 157, 156, 204, 204,
    203, 157, 162, 161, 181, 162, 182, 163, 182, 162, 181, 183, 163, 182,
    4, 165, 166, 184, 165, 164, 165, 184, 185, 184, 194, 185, 194, 184,
    193, 166, 165, 185, 166, 185, 167, 167, 186, 168, 186, 167, 185, 7,
    168, 169, 186, 169, 168, 231, 170, 169, 85, 170, 238, 82, 172, 241,
    11, 172, 173, 81, 173, 233, 173, 81, 192, 174, 173, 192, 190, 176,
    175, 176, 190, 177, 189, 177, 190, 177, 189, 188, 188, 178, 177, 178,
    188, 187, 188, 153, 187, 16, 178, 179, 179, 178, 187, 187, 180, 179,
    182, 145, 183, 185, 194, 195, 196, 186, 195, 186, 185, 195, 189, 198,
    197, 198, 189, 190, 199, 191, 192, 200, 199, 192, 191, 174, 192, 194,
    201, 195, 66, 195, 201, 196, 76, 230, 204, 200, 71, 206, 105, 207,
    214, 211, 212, 211, 214, 24, 212, 213, 215, 213, 212, 208, 208, 209,
    213, 215, 214, 212, 115, 214, 216, 115, 216, 217, 236, 89, 220, 222,
    235, 79, 223, 91, 224, 225, 83, 226, 226, 83, 240 ]
