%YAML:1.0
Indices: [ 44, 24, 63, 24, 44, 25, 99, 65, 98, 65, 99, 66, 1, 0, 50, 78,
    90, 89, 90, 78, 79, 2, 1, 49, 89, 88, 78, 3, 2, 75, 9, 83, 10, 83, 9,
    84, 4, 3, 75, 83, 11, 10, 11, 83, 82, 5, 4, 75, 99, 70, 69, 70, 99,
    71, 6, 5, 86, 75, 2, 66, 7, 6, 85, 71, 61, 60, 61, 71, 72, 8, 7, 85,
    9, 8, 84, 12, 11, 82, 49, 66, 2, 66, 49, 48, 13, 12, 81, 26, 22, 23,
    22, 26, 27, 14, 13, 81, 71, 16, 15, 16, 71, 58, 15, 14, 81, 23, 25,
    26, 25, 23, 24, 74, 38, 52, 38, 74, 29, 17, 16, 58, 0, 39, 50, 39, 0,
    101, 18, 17, 57, 19, 101, 102, 101, 19, 39, 20, 104, 113, 104, 20,
    103, 21, 28, 20, 28, 21, 27, 19, 20, 28, 20, 19, 102, 21, 113, 22,
    113, 21, 20, 114, 22, 113, 22, 114, 23, 21, 22, 27, 113, 104, 105,
    118, 97, 24, 97, 118, 29, 24, 23, 118, 46, 65, 48, 65, 46, 45, 64,
    63, 97, 63, 64, 45, 40, 19, 41, 19, 40, 39, 26, 25, 44, 42, 28, 27,
    28, 42, 41, 27, 26, 43, 41, 95, 40, 19, 28, 41, 118, 23, 114, 31, 37,
    38, 37, 31, 32, 29, 30, 38, 30, 29, 118, 30, 118, 116, 118, 114, 115,
    33, 36, 32, 36, 33, 35, 30, 31, 38, 31, 30, 116, 116, 115, 108, 115,
    116, 118, 32, 36, 37, 32, 31, 117, 117, 31, 116, 33, 32, 117, 33,
    117, 110, 56, 112, 18, 112, 56, 34, 33, 34, 35, 34, 33, 111, 33, 110,
    111, 35, 34, 55, 18, 57, 56, 36, 35, 54, 52, 38, 53, 37, 36, 53, 53,
    38, 37, 1, 50, 49, 42, 27, 43, 43, 26, 44, 44, 63, 45, 63, 24, 97,
    66, 99, 67, 48, 65, 66, 71, 59, 58, 59, 71, 60, 64, 73, 98, 73, 64,
    97, 74, 52, 51, 54, 35, 55, 53, 36, 54, 55, 34, 56, 57, 17, 58, 71,
    15, 81, 99, 72, 71, 72, 99, 98, 62, 61, 72, 45, 64, 65, 51, 62, 73,
    73, 97, 74, 73, 62, 72, 8, 85, 84, 78, 88, 77, 65, 64, 98, 6, 86, 85,
    75, 66, 67, 68, 77, 67, 77, 68, 78, 69, 79, 100, 79, 69, 70, 68, 67,
    99, 70, 80, 79, 80, 70, 81, 81, 70, 71, 99, 100, 68, 100, 99, 69, 51,
    73, 74, 73, 72, 98, 29, 74, 97, 75, 67, 76, 5, 75, 86, 75, 76, 87,
    76, 67, 77, 76, 77, 88, 78, 68, 100, 92, 80, 91, 100, 79, 78, 12, 82,
    81, 79, 80, 90, 80, 81, 91, 81, 82, 91, 92, 91, 82, 82, 83, 92, 83,
    84, 92, 87, 94, 86, 84, 85, 94, 76, 88, 87, 85, 86, 94, 86, 75, 87,
    84, 94, 93, 92, 84, 93, 20, 102, 103, 114, 113, 106, 108, 115, 107,
    116, 109, 117, 109, 116, 108, 105, 106, 113, 110, 117, 109, 106, 107,
    114, 34, 111, 112, 114, 107, 115 ]
