%YAML:1.0
Indices: [ 17, 19, 18, 19, 17, 20, 1, 0, 27, 2, 1, 39, 39, 48, 2, 48, 39,
    49, 3, 2, 48, 4, 3, 48, 24, 45, 37, 45, 24, 18, 5, 4, 48, 43, 47, 44,
    47, 43, 42, 6, 5, 59, 7, 6, 58, 57, 7, 58, 7, 57, 56, 8, 7, 56, 9, 8,
    55, 46, 39, 38, 39, 46, 40, 10, 9, 55, 11, 10, 54, 39, 30, 70, 30,
    39, 71, 12, 11, 54, 75, 13, 43, 13, 75, 32, 13, 12, 43, 32, 20, 15,
    20, 32, 72, 14, 13, 32, 14, 32, 15, 27, 0, 21, 16, 15, 20, 17, 16,
    20, 71, 1, 27, 1, 71, 39, 6, 59, 58, 17, 18, 24, 18, 19, 73, 19, 20,
    33, 22, 25, 26, 25, 22, 23, 21, 0, 22, 17, 24, 23, 21, 22, 26, 23,
    24, 25, 27, 21, 26, 25, 24, 69, 27, 26, 68, 26, 25, 28, 26, 28, 68,
    25, 69, 28, 31, 68, 28, 69, 24, 29, 29, 24, 37, 37, 38, 29, 38, 37,
    45, 34, 18, 73, 18, 34, 45, 33, 20, 72, 73, 19, 33, 29, 38, 70, 38,
    67, 46, 67, 38, 44, 74, 43, 44, 43, 74, 35, 35, 75, 43, 43, 12, 54,
    44, 45, 34, 45, 44, 38, 70, 38, 39, 49, 40, 50, 40, 49, 39, 53, 43,
    54, 43, 53, 42, 40, 41, 50, 41, 40, 46, 41, 67, 47, 67, 41, 46, 41,
    42, 52, 42, 41, 47, 74, 44, 34, 44, 47, 67, 5, 48, 59, 50, 41, 51,
    51, 41, 52, 55, 8, 56, 42, 53, 52, 10, 55, 54 ]
